0 100.0
1 100.492610837
2 100.985221675
3 101.477832512
4 101.97044335
5 102.463054187
6 102.955665025
7 103.448275862
8 103.9408867
9 104.433497537
10 104.926108374
11 105.418719212
12 105.911330049
13 106.403940887
14 106.896551724
15 107.389162562
16 107.881773399
17 108.374384236
18 108.866995074
19 109.359605911
20 109.852216749
21 110.344827586
22 110.837438424
23 111.330049261
24 111.822660099
25 112.315270936
26 112.807881773
27 113.300492611
28 113.793103448
29 114.285714286
30 114.778325123
31 115.270935961
32 115.763546798
33 116.256157635
34 116.748768473
35 117.24137931
36 117.733990148
37 118.226600985
38 118.719211823
39 119.21182266
40 119.704433498
41 120.197044335
42 120.689655172
43 121.18226601
44 121.674876847
45 122.167487685
46 122.660098522
47 123.15270936
48 123.645320197
49 124.137931034
50 124.630541872
51 125.123152709
52 125.615763547
53 126.108374384
54 126.600985222
55 127.093596059
56 127.586206897
57 128.078817734
58 128.571428571
59 129.064039409
60 129.556650246
61 130.049261084
62 130.541871921
63 131.034482759
64 131.527093596
65 132.019704433
66 132.512315271
67 133.004926108
68 133.497536946
69 133.990147783
70 134.482758621
71 134.975369458
72 135.467980296
73 135.960591133
74 136.45320197
75 136.945812808
76 137.438423645
77 137.931034483
78 138.42364532
79 138.916256158
80 139.408866995
81 139.901477833
82 140.39408867
83 140.886699507
84 141.379310345
85 141.871921182
86 142.36453202
87 142.857142857
88 143.349753695
89 143.842364532
90 144.334975369
91 144.827586207
92 145.320197044
93 145.812807882
94 146.305418719
95 146.798029557
96 147.290640394
97 147.783251232
98 148.275862069
99 148.768472906
100 149.261083744
101 149.753694581
102 150.246305419
103 150.738916256
104 151.231527094
105 151.724137931
106 152.216748768
107 152.709359606
108 153.201970443
109 153.694581281
110 154.187192118
111 154.679802956
112 155.172413793
113 155.665024631
114 156.157635468
115 156.650246305
116 157.142857143
117 157.63546798
118 158.128078818
119 158.620689655
120 159.113300493
121 159.60591133
122 160.098522167
123 160.591133005
124 161.083743842
125 161.57635468
126 162.068965517
127 162.561576355
128 163.054187192
129 163.54679803
130 164.039408867
131 164.532019704
132 165.024630542
133 165.517241379
134 166.009852217
135 166.502463054
136 166.995073892
137 167.487684729
138 167.980295567
139 168.472906404
140 168.965517241
141 169.458128079
142 169.950738916
143 170.443349754
144 170.935960591
145 171.428571429
146 171.921182266
147 172.413793103
148 172.906403941
149 173.399014778
150 173.891625616
151 174.384236453
152 174.876847291
153 175.369458128
154 175.862068966
155 176.354679803
156 176.84729064
157 177.339901478
158 177.832512315
159 178.325123153
160 178.81773399
161 179.310344828
162 179.802955665
163 180.295566502
164 180.78817734
165 181.280788177
166 181.773399015
167 182.266009852
168 182.75862069
169 183.251231527
170 183.743842365
171 184.236453202
172 184.729064039
173 185.221674877
174 185.714285714
175 186.206896552
176 186.699507389
177 187.192118227
178 187.684729064
179 188.177339901
180 188.669950739
181 189.162561576
182 189.655172414
183 190.147783251
184 190.640394089
185 191.133004926
186 191.625615764
187 192.118226601
188 192.610837438
189 193.103448276
190 193.596059113
191 194.088669951
192 194.581280788
193 195.073891626
194 195.566502463
195 196.0591133
196 196.551724138
197 197.044334975
198 197.536945813
199 198.02955665
200 198.522167488
201 199.014778325
202 199.507389163
